foo <- 1:5

foo_x3 <- rep(foo, 3)

foo_x3
#  [1] 1 2 3 4 5 1 2 3 4 5 1 2 3 4 5
