not_nested_vector <- c( 1, 1, 2, c(3, 5, 8), 13, 21);
not_nested_vector;
#
#  1  1  2  3  5  8 13 21
