v <- c(1, 2, 3, 4, 5, 6, 7, 8, 9, 10)

v[4]
# [1] 4

v[6:3]
# [1] 6 5 4 3

v[-2]
# [1]  1  3  4  5  6  7  8  9 10
#
#   Note the 2nd element!
#
